570948
569692
226215
543501
515722
338652
977214
898476
485485
683720
378429
521624
570948
569692
226215
543501
515722
338652
977214
898476
485485
683720
378429
521624
570948
569692
226215
543501
515722
338652
977214
898476
485485
683720
378429
521624
570948
569692
226215
543501
515722
338652
977214
898476
485485
683720
378429
521624
570948
569692
226215
543501
515722
338652
977214
898476
485485
683720
378429
521624
570948
569692
226215
543501
515722
338652
977214
898476
485485
683720
378429
521624
570948
569692
226215
543501
515722
338652
977214
898476
485485
683720
378429
521624
570948
569692
226215
543501
515722
338652
977214
898476
485485
683720
378429
521624
570948
569692
226215
543501
