570948
570948
570948
570948
570948
570948
570948
570948
570948
570948
570948
570948
570948
570948
570948
570948
570948
570948
570948
570948
569692
569692
569692
569692
569692
569692
569692
569692
569692
569692
569692
569692
569692
569692
569692
569692
569692
569692
569692
569692
226215
226215
226215
226215
226215
226215
226215
226215
226215
226215
226215
226215
226215
226215
226215
226215
226215
226215
226215
226215
543501
543501
543501
543501
543501
543501
543501
543501
543501
543501
543501
543501
543501
543501
543501
543501
543501
543501
543501
543501
515722
515722
515722
515722
515722
515722
515722
515722
515722
515722
515722
515722
515722
515722
515722
515722
515722
515722
515722
515722
338652
338652
338652
338652
338652
338652
338652
338652
338652
338652
338652
338652
338652
338652
338652
338652
338652
338652
338652
338652
977214
977214
977214
977214
977214
977214
977214
977214
977214
977214
977214
977214
977214
977214
977214
977214
977214
977214
977214
977214
898476
898476
898476
898476
898476
898476
898476
898476
898476
898476
898476
898476
898476
898476
898476
898476
898476
898476
898476
898476
485485
485485
485485
485485
485485
485485
485485
485485
485485
485485
485485
485485
485485
485485
485485
485485
485485
485485
485485
485485
683720
683720
683720
683720
683720
683720
683720
683720
683720
683720
683720
683720
683720
683720
683720
683720
683720
683720
683720
683720
378429
378429
378429
378429
378429
378429
378429
378429
378429
378429
378429
378429
378429
378429
378429
378429
378429
378429
378429
378429
521624
521624
521624
521624
521624
521624
521624
521624
521624
521624
521624
521624
521624
521624
521624
521624
521624
521624
521624
521624
